null
euler1: 113.91 14.71 -163.10


euler0: 20.83 -12.63 -154.57


euler1: 113.91 14.68 -163.84


euler0: 23.12 -13.42 -153.83


euler1: 115.55 14.83 -165.54


euler0: 24.69 -13.58 -152.81


euler1: 117.64 13.60 -165.62


euler0: 23.35 -12.59 -151.25


euler1: 118.99 12.67 -168.66


euler0: 23.39 -11.52 -149.25


euler1: 118.34 12.55 -171.57


euler0: 27.54 -11.63 -147.99


euler1: 118.87 12.01 -172.19


euler0: 31.34 -12.54 -148.55


euler1: 120.73 11.52 -173.40


euler0: 31.78 -13.82 -148.81


euler1: 121.77 11.38 -174.87


euler0: 27.94 -12.68 -148.77


euler1: 119.78 11.66 -176.31


euler0: 25.12 -12.34 -148.73


euler1: 116.41 11.97 -176.24


euler0: 23.21 -12.91 -149.49


euler1: 113.79 12.38 -176.42


euler0: 20.89 -13.10 -150.73


euler1: 110.65 13.71 -177.67


euler0: 17.96 -12.37 -151.55


euler1: 107.60 14.83 -178.02


euler0: 14.21 -11.53 -152.30


euler1: 104.75 15.95 -178.16


euler0: 10.82 -11.27 -153.12


euler1: 101.69 17.48 -177.90


euler0: 8.40 -12.49 -154.58


euler1: 98.83 19.33 -177.23


euler0: 5.60 -13.47 -155.97


euler1: 97.05 20.87 -176.60


euler0: 4.03 -15.21 -156.94


euler1: 95.41 22.27 -175.89


euler0: 4.17 -16.99 -157.29


euler1: 95.43 23.08 -174.81


euler0: 6.10 -17.39 -156.32


euler1: 97.40 22.55 -174.77


euler0: 9.89 -17.37 -154.99


euler1: 100.69 21.52 -175.97


euler0: 14.15 -17.38 -153.87


euler1: 104.68 19.83 -176.32


euler0: 17.41 -16.86 -152.33


euler1: 108.32 17.83 -176.64


euler0: 21.17 -15.94 -151.14


euler1: 113.07 15.38 -177.76


euler0: 25.27 -15.60 -150.77


euler1: 118.18 13.10 -178.32


euler0: 27.57 -15.75 -150.65


euler1: 122.22 10.94 -178.99


euler0: 27.68 -15.14 -150.51


euler1: 124.95 8.50 -179.73


euler0: 29.55 -14.05 -150.81


euler1: 126.76 7.40 -179.91


euler0: 31.20 -12.50 -151.24


euler1: 129.23 7.16 -178.29


euler0: 30.28 -10.49 -152.13


euler1: 130.30 6.57 -176.78


euler0: 28.33 -8.89 -153.36


euler1: 129.14 7.21 -176.21


euler0: 26.64 -8.22 -154.73


euler1: 127.48 8.66 -176.04


euler0: 24.59 -8.14 -155.64


euler1: 125.08 9.85 -176.37


euler0: 21.62 -8.01 -155.90


euler1: 121.99 11.06 -176.89


euler0: 17.92 -7.61 -155.05


euler1: 118.12 12.09 -177.49


euler0: 15.56 -8.15 -153.81


euler1: 113.96 13.12 -178.51


euler0: 12.44 -8.64 -152.82


euler1: 110.72 13.98 -179.68


euler0: 9.68 -9.10 -151.89


euler1: 108.12 15.02 -179.05


euler0: 9.07 -9.77 -151.55


euler1: 106.38 16.33 -177.53


euler0: 8.39 -10.52 -152.22


euler1: 105.81 17.91 -175.76


euler0: 6.07 -11.40 -152.52


euler1: 105.00 19.00 -173.70


euler0: 4.10 -12.03 -152.74


euler1: 103.94 19.66 -171.74


euler0: 3.62 -12.76 -153.87


euler1: 102.87 21.18 -170.94


euler0: 3.30 -14.19 -155.42


euler1: 102.81 21.83 -168.87


euler0: 2.36 -15.59 -155.93


euler1: 102.36 21.63 -166.46


euler0: 2.61 -17.02 -155.99


euler1: 102.06 22.31 -165.59


euler0: 3.93 -17.75 -156.38


euler1: 103.14 22.39 -165.63


euler0: 5.97 -17.55 -156.69


euler1: 104.52 22.28 -166.31


euler0: 7.60 -16.88 -156.26


euler1: 105.50 22.04 -168.15


euler0: 9.36 -16.53 -155.49


euler1: 106.60 21.56 -169.63


euler0: 11.35 -16.04 -155.11


euler1: 107.89 20.74 -170.07


euler0: 13.27 -15.60 -155.39


euler1: 109.34 20.32 -171.38


euler0: 15.17 -15.37 -156.07


euler1: 111.02 19.78 -172.43


euler0: 17.67 -15.11 -157.07


euler1: 113.37 18.85 -173.36


euler0: 20.28 -14.82 -158.31


euler1: 115.80 18.00 -175.22


euler0: 22.86 -14.49 -159.56


euler1: 118.58 17.15 -177.35


euler0: 25.27 -13.04 -160.27


